tests/expectedoutputs/TestWCS/test_WCSGetCoverageAAIGRID_testdatanc.grd
ncols        360
nrows        180
xllcorner    -180.000000000000
yllcorner    -90.000000000000
cellsize     1.000000000000
NODATA_value  -0.0099999997764825820923
[rows 32 to 47 of 180, columns 185 to 221 of 360]
0.10325089842081069946 0.098858818411827087402 0.08696476370096206665 0.08696476370096206665 0.074497483670711517334 0.074497483670711517334 0.065021991729736328125 0.065021991729736328125 0.058163732290267944336 0.052951391786336898804 0.052951391786336898804 0.044463135302066802979 0.044463135302066802979 0.041019227355718612671 0.041019227355718612671 0.037158824503421783447 0.032686699181795120239 0.032686699181795120239 0.026897316798567771912 0.026897316798567771912 0.02449008449912071228 0.02449008449912071228 0.022601617500185966492 -0.0099999997764825820923 -0.0099999997764825820923 -0.0099999997764825820923 -0.0099999997764825820923 -0.0099999997764825820923 -0.0099999997764825820923 -0.0099999997764825820923 -0.0099999997764825820923 -0.0099999997764825820923 -0.0099999997764825820923 -0.0099999997764825820923 -0.0099999997764825820923 -0.0099999997764825820923 -0.0099999997764825820923
0.13107730448246002197 0.12544767558574676514 0.10852196812629699707 0.10852196812629699707 0.088887222111225128174 0.088887222111225128174 0.074488997459411621094 0.065024666488170623779 0.065024666488170623779 0.058099027723073959351 0.058099027723073959351 0.052547771483659744263 0.044260792434215545654 0.044260792434215545654 0.040076125413179397583 0.040076125413179397583 0.035262629389762878418 0.035262629389762878418 0.030950618907809257507 0.027735510841012001038 0.026154607534408569336 0.023883948102593421936 0.023883948102593421936 -0.0099999997764825820923 -0.0099999997764825820923 -0.0099999997764825820923 -0.0099999997764825820923 -0.0099999997764825820923 -0.0099999997764825820923 -0.0099999997764825820923 -0.0099999997764825820923 -0.0099999997764825820923 -0.0099999997764825820923 -0.0099999997764825820923 -0.0099999997764825820923 -0.0099999997764825820923 -0.0099999997764825820923
0.14958411455154418945 0.1439708024263381958 0.12685847282409667969 0.12685847282409667969 0.10312219709157943726 0.10312219709157943726 0.084662660956382751465 0.072636783123016357422 0.072636783123016357422 0.064035899937152862549 0.064035899937152862549 0.057140205055475234985 0.051309738308191299438 0.051309738308191299438 0.042946614325046539307 0.037659771740436553955 0.037659771740436553955 0.032887075096368789673 0.032887075096368789673 0.027735510841012001038 0.025194127112627029419 0.025194127112627029419 0.025194127112627029419 -0.0099999997764825820923 -0.0099999997764825820923 -0.0099999997764825820923 -0.0099999997764825820923 -0.0099999997764825820923 -0.0099999997764825820923 -0.0099999997764825820923 -0.0099999997764825820923 -0.0099999997764825820923 -0.0099999997764825820923 -0.0099999997764825820923 -0.0099999997764825820923 -0.0099999997764825820923 -0.0099999997764825820923
0.17401680350303649902 0.16592922806739807129 0.14930683374404907227 0.14930683374404907227 0.11564238369464874268 0.095395587384700775146 0.095395587384700775146 0.081192255020141601562 0.081192255020141601562 0.070776857435703277588 0.062436368316411972046 0.062436368316411972046 0.055382739752531051636 0.049045946449041366577 0.049045946449041366577 0.04278531298041343689 0.040236346423625946045 0.034977622330188751221 0.030994137749075889587 0.030994137749075889587 0.026562567800283432007 0.026562567800283432007 0.026562567800283432007 -0.0099999997764825820923 -0.0099999997764825820923 -0.0099999997764825820923 -0.0099999997764825820923 -0.0099999997764825820923 -0.0099999997764825820923 -0.0099999997764825820923 -0.0099999997764825820923 -0.0099999997764825820923 -0.0099999997764825820923 -0.0099999997764825820923 -0.0099999997764825820923 -0.0099999997764825820923 -0.0099999997764825820923
0.19475816190242767334 0.18454788625240325928 0.16598065197467803955 0.16598065197467803955 0.14419694244861602783 0.12383443117141723633 0.12383443117141723633 0.092121534049510955811 0.079092778265476226807 0.079092778265476226807 0.06836032867431640625 0.06836032867431640625 0.059584464877843856812 0.052158422768115997314 0.052158422768115997314 0.04278531298041343689 0.036958858370780944824 0.036958858370780944824 0.032506912946701049805 0.032506912946701049805 0.029036076739430427551 -0.0099999997764825820923 -0.0099999997764825820923 -0.0099999997764825820923 -0.0099999997764825820923 -0.0099999997764825820923 -0.0099999997764825820923 -0.0099999997764825820923 -0.0099999997764825820923 -0.0099999997764825820923 -0.0099999997764825820923 -0.0099999997764825820923 -0.0099999997764825820923 -0.0099999997764825820923 -0.0099999997764825820923 -0.0099999997764825820923 -0.0099999997764825820923
0.24094228446483612061 0.22712363302707672119 0.20165337622165679932 0.20165337622165679932 0.17055131494998931885 0.14218297600746154785 0.14218297600746154785 0.11964826285839080811 0.089887008070945739746 0.089887008070945739746 0.075541056692600250244 0.064251720905303955078 0.064251720905303955078 0.055403143167495727539 0.047711677849292755127 0.047711677849292755127 0.038840658962726593018 0.034013263881206512451 0.034013263881206512451 0.030269671231508255005 0.030269671231508255005 -0.0099999997764825820923 -0.0099999997764825820923 -0.0099999997764825820923 -0.0099999997764825820923 -0.0099999997764825820923 -0.0099999997764825820923 -0.0099999997764825820923 -0.0099999997764825820923 -0.0099999997764825820923 -0.0099999997764825820923 -0.0099999997764825820923 -0.0099999997764825820923 -0.0099999997764825820923 -0.0099999997764825820923 -0.0099999997764825820923 -0.0099999997764825820923
0.30412000417709350586 0.28976744413375854492 0.25505787134170532227 0.25505787134170532227 0.20636245608329772949 0.16295863687992095947 0.16295863687992095947 0.13194471597671508789 0.10870271176099777222 0.10870271176099777222 0.083010219037532806396 0.068517692387104034424 0.068517692387104034424 0.058172538876533508301 0.049763862043619155884 0.049763862043619155884 0.042269065976142883301 0.036503776907920837402 0.035401973873376846313 0.03129256516695022583 -0.0099999997764825820923 -0.0099999997764825820923 -0.0099999997764825820923 -0.0099999997764825820923 -0.0099999997764825820923 -0.0099999997764825820923 -0.0099999997764825820923 -0.0099999997764825820923 -0.0099999997764825820923 -0.0099999997764825820923 -0.0099999997764825820923 -0.0099999997764825820923 -0.0099999997764825820923 -0.0099999997764825820923 -0.0099999997764825820923 -0.0099999997764825820923 -0.0099999997764825820923
0.3410396277904510498 0.33116859197616577148 0.30138611793518066406 0.30138611793518066406 0.24201120436191558838 0.18215343356132507324 0.14142093062400817871 0.14142093062400817871 0.11382213234901428223 0.090998366475105285645 0.090998366475105285645 0.072030641138553619385 0.060309905558824539185 0.060309905558824539185 0.051148928701877593994 0.04326896369457244873 0.04326896369457244873 0.036503776907920837402 0.032126352190971374512 0.032126352190971374512 0.032126352190971374512 -0.0099999997764825820923 -0.0099999997764825820923 -0.0099999997764825820923 -0.0099999997764825820923 -0.0099999997764825820923 -0.0099999997764825820923 -0.0099999997764825820923 -0.0099999997764825820923 -0.0099999997764825820923 -0.0099999997764825820923 -0.0099999997764825820923 -0.0099999997764825820923 -0.0099999997764825820923 -0.0099999997764825820923 -0.0099999997764825820923 -0.0099999997764825820923
0.35591149330139160156 0.34558114409446716309 0.31898540258407592773 0.25897729396820068359 0.25897729396820068359 0.19191803038120269775 0.14601090550422668457 0.14601090550422668457 0.1147909015417098999 0.090835884213447570801 0.090835884213447570801 0.074036307632923126221 0.061604186892509460449 0.051836416125297546387 0.051836416125297546387 0.043776117265224456787 0.037742715328931808472 0.037742715328931808472 0.032745365053415298462 0.032745365053415298462 -0.0099999997764825820923 -0.0099999997764825820923 -0.0099999997764825820923 -0.0099999997764825820923 -0.0099999997764825820923 -0.0099999997764825820923 -0.0099999997764825820923 -0.0099999997764825820923 -0.0099999997764825820923 -0.0099999997764825820923 -0.0099999997764825820923 -0.0099999997764825820923 -0.0099999997764825820923 -0.0099999997764825820923 -0.0099999997764825820923 -0.0099999997764825820923 -0.0099999997764825820923
0.35095846652984619141 0.34465301036834716797 0.31479865312576293945 0.25343242287635803223 0.25343242287635803223 0.18887186050415039062 0.14343816041946411133 0.14343816041946411133 0.11178547888994216919 0.088730245828628540039 0.072698697447776794434 0.072698697447776794434 0.060464654117822647095 0.05170987546443939209 0.05170987546443939209 0.043772898614406585693 0.037837080657482147217 0.033239640295505523682 0.033239640295505523682 -0.0099999997764825820923 -0.0099999997764825820923 -0.0099999997764825820923 -0.0099999997764825820923 -0.0099999997764825820923 -0.0099999997764825820923 -0.0099999997764825820923 -0.0099999997764825820923 -0.0099999997764825820923 -0.0099999997764825820923 -0.0099999997764825820923 -0.0099999997764825820923 -0.0099999997764825820923 -0.0099999997764825820923 -0.0099999997764825820923 -0.0099999997764825820923 -0.0099999997764825820923 -0.0099999997764825820923
0.33399787545204162598 0.30688545107841491699 0.25669625401496887207 0.20133700966835021973 0.20133700966835021973 0.17559652030467987061 0.1351404041051864624 0.10558519512414932251 0.10558519512414932251 0.085039600729942321777 0.069770917296409606934 0.069770917296409606934 0.058146432042121887207 0.049247607588768005371 0.043277524411678314209 0.043277524411678314209 0.037584736943244934082 0.033095713704824447632 -0.0099999997764825820923 -0.0099999997764825820923 -0.0099999997764825820923 -0.0099999997764825820923 -0.0099999997764825820923 -0.0099999997764825820923 -0.0099999997764825820923 -0.0099999997764825820923 -0.0099999997764825820923 -0.0099999997764825820923 -0.0099999997764825820923 -0.0099999997764825820923 -0.0099999997764825820923 -0.0099999997764825820923 -0.0099999997764825820923 -0.0099999997764825820923 -0.0099999997764825820923 -0.0099999997764825820923 -0.0099999997764825820923
0.29404416680335998535 0.25583884119987487793 0.2105649411678314209 0.16879577934741973877 0.16879577934741973877 0.13491372764110565186 0.10852386057376861572 0.097888350486755371094 0.097888350486755371094 0.079764790832996368408 0.06610056757926940918 0.055529624223709106445 0.055529624223709106445 0.047479741275310516357 0.041204195469617843628 0.036192819476127624512 0.037022303789854049683 0.032709058374166488647 -0.0099999997764825820923 -0.0099999997764825820923 -0.0099999997764825820923 -0.0099999997764825820923 -0.0099999997764825820923 -0.0099999997764825820923 -0.0099999997764825820923 -0.0099999997764825820923 -0.0099999997764825820923 -0.0099999997764825820923 -0.0099999997764825820923 -0.0099999997764825820923 -0.0099999997764825820923 -0.0099999997764825820923 -0.0099999997764825820923 -0.0099999997764825820923 -0.0099999997764825820923 -0.0099999997764825820923 -0.0099999997764825820923
0.23213759064674377441 0.20049624145030975342 0.16787500679492950439 0.13878794014453887939 0.13878794014453887939 0.11473344266414642334 0.095470733940601348877 0.080062083899974822998 0.073957532644271850586 0.073957532644271850586 0.061846680939197540283 0.052506562322378158569 0.045337889343500137329 0.045337889343500137329 0.039696529507637023926 0.036192819476127624512 0.032106358557939529419 0.032106358557939529419 0.032106358557939529419 -0.0099999997764825820923 -0.0099999997764825820923 -0.0099999997764825820923 -0.0099999997764825820923 -0.0099999997764825820923 -0.0099999997764825820923 -0.0099999997764825820923 -0.0099999997764825820923 -0.0099999997764825820923 -0.0099999997764825820923 -0.0099999997764825820923 -0.0099999997764825820923 -0.0099999997764825820923 -0.0099999997764825820923 -0.0099999997764825820923 -0.0099999997764825820923 -0.0099999997764825820923 -0.0099999997764825820923
0.17570197582244873047 0.15491865575313568115 0.13364596664905548096 0.11432994157075881958 0.097741670906543731689 0.097741670906543731689 0.083758883178234100342 0.071751184761524200439 0.061268500983715057373 0.061268500983715057373 0.057313457131385803223 0.049377325922250747681 0.043066721409559249878 0.043066721409559249878 0.037947412580251693726 0.033780269324779510498 0.031316138803958892822 0.031316138803958892822 0.031316138803958892822 -0.0099999997764825820923 -0.0099999997764825820923 -0.0099999997764825820923 -0.0099999997764825820923 -0.0099999997764825820923 -0.0099999997764825820923 -0.0099999997764825820923 -0.0099999997764825820923 -0.0099999997764825820923 -0.0099999997764825820923 -0.0099999997764825820923 -0.0099999997764825820923 -0.0099999997764825820923 -0.0099999997764825820923 -0.0099999997764825820923 -0.0099999997764825820923 -0.0099999997764825820923 -0.0099999997764825820923
0.13350422680377960205 0.12091335654258728027 0.10765581578016281128 0.095248229801654815674 0.083812788128852844238 0.083812788128852844238 0.073412582278251647949 0.063804551959037780762 0.055390365421772003174 0.048529017716646194458 0.048529017716646194458 0.046158574521541595459 0.040716331452131271362 0.036185719072818756104 0.036185719072818756104 0.032371688634157180786 0.029190003871917724609 -0.0099999997764825820923 -0.0099999997764825820923 -0.0099999997764825820923 -0.0099999997764825820923 -0.0099999997764825820923 -0.0099999997764825820923 -0.0099999997764825820923 -0.0099999997764825820923 -0.0099999997764825820923 -0.0099999997764825820923 -0.0099999997764825820923 -0.0099999997764825820923 -0.0099999997764825820923 -0.0099999997764825820923 -0.0099999997764825820923 -0.0099999997764825820923 -0.0099999997764825820923 -0.0099999997764825820923 -0.0099999997764825820923 -0.0099999997764825820923
0.10421779006719589233 0.097157314419746398926 0.088834263384342193604 0.080325521528720855713 0.072298914194107055664 0.072298914194107055664 0.064239792525768280029 0.05652392655611038208 0.049884688109159469604 0.044328816235065460205 0.044328816235065460205 0.039748679846525192261 0.038146320730447769165 0.03426518663763999939 0.030924454331398010254 0.030924454331398010254 0.027997558936476707458 -0.0099999997764825820923 -0.0099999997764825820923 -0.0099999997764825820923 -0.0099999997764825820923 -0.0099999997764825820923 -0.0099999997764825820923 -0.0099999997764825820923 -0.0099999997764825820923 -0.0099999997764825820923 -0.0099999997764825820923 -0.0099999997764825820923 -0.0099999997764825820923 -0.0099999997764825820923 -0.0099999997764825820923 -0.0099999997764825820923 -0.0099999997764825820923 -0.0099999997764825820923 -0.0099999997764825820923 -0.0099999997764825820923 -0.0099999997764825820923
