tests/expectedoutputs/TestWCS/test_WCSGetCoverageAAIGRID_testdatanc.grd
ncols        360
nrows        180
xllcorner    -180.000000000000
yllcorner    -90.000000000000
cellsize     1.000000000000
NODATA_value  -0.0099999997764825820923
[rows 32 to 47 of 180, columns 148 to 184 of 360]
-0.0099999997764825820923 -0.0099999997764825820923 -0.0099999997764825820923 -0.0099999997764825820923 -0.0099999997764825820923 -0.0099999997764825820923 -0.0099999997764825820923 -0.0099999997764825820923 -0.0099999997764825820923 0.019814513623714447021 0.019814513623714447021 0.022365147247910499573 0.023933473974466323853 0.023933473974466323853 0.027514349669218063354 0.027514349669218063354 0.029784496873617172241 0.029784496873617172241 0.032241087406873703003 0.035085223615169525146 0.035085223615169525146 0.042340770363807678223 0.042340770363807678223 0.046922434121370315552 0.046922434121370315552 0.052276872098445892334 0.058883514255285263062 0.058883514255285263062 0.066452845931053161621 0.066452845931053161621 0.091746345162391662598 0.091746345162391662598 0.10792965441942214966 0.12379102408885955811 0.12379102408885955811 0.13107730448246002197 0.13107730448246002197
-0.0099999997764825820923 -0.0099999997764825820923 -0.0099999997764825820923 -0.0099999997764825820923 -0.0099999997764825820923 -0.0099999997764825820923 -0.0099999997764825820923 -0.0099999997764825820923 -0.0099999997764825820923 0.020863983780145645142 0.022013744339346885681 0.023665873333811759949 0.023665873333811759949 0.025496393442153930664 0.025496393442153930664 0.029456458985805511475 0.029456458985805511475 0.03207302093505859375 0.035098660737276077271 0.035098660737276077271 0.042209964245557785034 0.042209964245557785034 0.047083493322134017944 0.052877306938171386719 0.052877306938171386719 0.060067210346460342407 0.060067210346460342407 0.068972259759902954102 0.079109586775302886963 0.068972259759902954102 0.11146774142980575562 0.11146774142980575562 0.13001190125942230225 0.13001190125942230225 0.14457328617572784424 0.14958411455154418945 0.14958411455154418945
-0.0099999997764825820923 -0.0099999997764825820923 -0.0099999997764825820923 -0.0099999997764825820923 -0.0099999997764825820923 -0.0099999997764825820923 -0.0099999997764825820923 -0.0099999997764825820923 -0.0099999997764825820923 -0.0099999997764825820923 0.02319277636706829071 0.02319277636706829071 0.024986274540424346924 0.027132272720336914062 0.028758810833096504211 0.03150922432541847229 0.03150922432541847229 0.034596089273691177368 0.034596089273691177368 0.041396137326955795288 0.046340744942426681519 0.046340744942426681519 0.05224895477294921875 0.05224895477294921875 0.05971032753586769104 0.069358579814434051514 0.080393880605697631836 0.09688297659158706665 0.09688297659158706665 0.11535203456878662109 0.13352027535438537598 0.13352027535438537598 0.15011301636695861816 0.15011301636695861816 0.15993574261665344238 0.16176640987396240234 0.16176640987396240234
-0.0099999997764825820923 -0.0099999997764825820923 -0.0099999997764825820923 -0.0099999997764825820923 -0.0099999997764825820923 -0.0099999997764825820923 -0.0099999997764825820923 -0.0099999997764825820923 -0.0099999997764825820923 -0.0099999997764825820923 -0.0099999997764825820923 0.024328969419002532959 0.026476603001356124878 0.027862027287483215332 0.030586702749133110046 0.030586702749133110046 0.033574275672435760498 0.037171613425016403198 0.039949562400579452515 0.044729869812726974487 0.044729869812726974487 0.050683539360761642456 0.058083314448595046997 0.058083314448595046997 0.076384522020816802979 0.076384522020816802979 0.092588663101196289062 0.11397316306829452515 0.11397316306829452515 0.13695353269577026367 0.15572133660316467285 0.15572133660316467285 0.16798453032970428467 0.16798453032970428467 0.17468388378620147705 0.17401680350303649902 0.17401680350303649902
-0.0099999997764825820923 -0.0099999997764825820923 -0.0099999997764825820923 -0.0099999997764825820923 -0.0099999997764825820923 -0.0099999997764825820923 -0.0099999997764825820923 -0.0099999997764825820923 -0.0099999997764825820923 -0.0099999997764825820923 -0.0099999997764825820923 0.025552051141858100891 0.025552051141858100891 0.029298610985279083252 0.029298610985279083252 0.03228975832462310791 0.035840451717376708984 0.035840451717376708984 0.042711649090051651001 0.042711649090051651001 0.048443213105201721191 0.05549179762601852417 0.05549179762601852417 0.064455769956111907959 0.085355699062347412109 0.085355699062347412109 0.10448265820741653442 0.10448265820741653442 0.12904965877532958984 0.15516580641269683838 0.15516580641269683838 0.17551539838314056396 0.18884378671646118164 0.18884378671646118164 0.19602312147617340088 0.19475816190242767334 0.19475816190242767334
-0.0099999997764825820923 -0.0099999997764825820923 -0.0099999997764825820923 -0.0099999997764825820923 -0.0099999997764825820923 -0.0099999997764825820923 -0.0099999997764825820923 -0.0099999997764825820923 -0.0099999997764825820923 -0.0099999997764825820923 -0.0099999997764825820923 -0.0099999997764825820923 0.027833176776766777039 0.027833176776766777039 0.030743667855858802795 0.034055791795253753662 0.034055791795253753662 0.040208969265222549438 0.040208969265222549438 0.045508895069360733032 0.052013505250215530396 0.060257345438003540039 0.060257345438003540039 0.077879935503005981445 0.077879935503005981445 0.094347544014453887939 0.11603841185569763184 0.11603841185569763184 0.1421671062707901001 0.17086897790431976318 0.17086897790431976318 0.19769291579723358154 0.22119244933128356934 0.22119244933128356934 0.23879830539226531982 0.24094228446483612061 0.24094228446483612061
-0.0099999997764825820923 -0.0099999997764825820923 -0.0099999997764825820923 -0.0099999997764825820923 -0.0099999997764825820923 -0.0099999997764825820923 -0.0099999997764825820923 -0.0099999997764825820923 -0.0099999997764825820923 -0.0099999997764825820923 -0.0099999997764825820923 -0.0099999997764825820923 -0.0099999997764825820923 0.028860021382570266724 0.032035153359174728394 0.032035153359174728394 0.037304650992155075073 0.042243301868438720703 0.042243301868438720703 0.048285361379384994507 0.055813372135162353516 0.055813372135162353516 0.070388384163379669189 0.085275791585445404053 0.085275791585445404053 0.10431434214115142822 0.12951166927814483643 0.12951166927814483643 0.15995731949806213379 0.19421631097793579102 0.19421631097793579102 0.23321220278739929199 0.23321220278739929199 0.31945067644119262695 0.33847576379776000977 0.3410396277904510498 0.3410396277904510498
-0.0099999997764825820923 -0.0099999997764825820923 -0.0099999997764825820923 -0.0099999997764825820923 -0.0099999997764825820923 -0.0099999997764825820923 -0.0099999997764825820923 -0.0099999997764825820923 -0.0099999997764825820923 -0.0099999997764825820923 -0.0099999997764825820923 -0.0099999997764825820923 -0.0099999997764825820923 0.029912605881690979004 0.029912605881690979004 0.033216681331396102905 0.038660746067762374878 0.038660746067762374878 0.044045858085155487061 0.050741184502840042114 0.050741184502840042114 0.06256344914436340332 0.075205259025096893311 0.075205259025096893311 0.092267498373985290527 0.11549550294876098633 0.11549550294876098633 0.14636607468128204346 0.18542492389678955078 0.18542492389678955078 0.27556288242340087891 0.32098153233528137207 0.32098153233528137207 0.34410995244979858398 0.35546091198921203613 0.35591149330139160156 0.35591149330139160156
-0.0099999997764825820923 -0.0099999997764825820923 -0.0099999997764825820923 -0.0099999997764825820923 -0.0099999997764825820923 -0.0099999997764825820923 -0.0099999997764825820923 -0.0099999997764825820923 -0.0099999997764825820923 -0.0099999997764825820923 -0.0099999997764825820923 -0.0099999997764825820923 -0.0099999997764825820923 -0.0099999997764825820923 0.030753960832953453064 0.035261783748865127563 0.035261783748865127563 0.039924450218677520752 0.04569242522120475769 0.04569242522120475769 0.054785087704658508301 0.06509866565465927124 0.06509866565465927124 0.079058565199375152588 0.099018126726150512695 0.12676636874675750732 0.12676636874675750732 0.165472373366355896 0.165472373366355896 0.24572294950485229492 0.30854499340057373047 0.34231337904930114746 0.34231337904930114746 0.35679304599761962891 0.36054471135139465332 0.35746073722839355469 0.35746073722839355469
-0.0099999997764825820923 -0.0099999997764825820923 -0.0099999997764825820923 -0.0099999997764825820923 -0.0099999997764825820923 -0.0099999997764825820923 -0.0099999997764825820923 -0.0099999997764825820923 -0.0099999997764825820923 -0.0099999997764825820923 -0.0099999997764825820923 -0.0099999997764825820923 -0.0099999997764825820923 -0.0099999997764825820923 0.031850937753915786743 0.031850937753915786743 0.035873338580131530762 0.040786530822515487671 0.046924393624067306519 0.046924393624067306519 0.055795434862375259399 0.066676057875156402588 0.066676057875156402588 0.081854276359081268311 0.10373649746179580688 0.10373649746179580688 0.14036771655082702637 0.19103991985321044922 0.19103991985321044922 0.26096016168594360352 0.32182177901268005371 0.34887516498565673828 0.34887516498565673828 0.35847425460815429688 0.35774287581443786621 0.35095846652984619141 0.35095846652984619141
-0.0099999997764825820923 -0.0099999997764825820923 -0.0099999997764825820923 -0.0099999997764825820923 -0.0099999997764825820923 -0.0099999997764825820923 -0.0099999997764825820923 -0.0099999997764825820923 -0.0099999997764825820923 -0.0099999997764825820923 -0.0099999997764825820923 -0.0099999997764825820923 -0.0099999997764825820923 -0.0099999997764825820923 -0.0099999997764825820923 0.032078485935926437378 0.036189995706081390381 0.04124460369348526001 0.04124460369348526001 0.047682039439678192139 0.055984843522310256958 0.055984843522310256958 0.067078344523906707764 0.082797087728977203369 0.10564303398132324219 0.10389412939548492432 0.13758799433708190918 0.18604992330074310303 0.18604992330074310303 0.25190767645835876465 0.31307587027549743652 0.34150987863540649414 0.34150987863540649414 0.34994775056838989258 0.34582421183586120605 0.34582421183586120605 0.33399787545204162598
-0.0099999997764825820923 -0.0099999997764825820923 -0.0099999997764825820923 -0.0099999997764825820923 -0.0099999997764825820923 -0.0099999997764825820923 -0.0099999997764825820923 -0.0099999997764825820923 -0.0099999997764825820923 -0.0099999997764825820923 -0.0099999997764825820923 -0.0099999997764825820923 -0.0099999997764825820923 -0.0099999997764825820923 -0.0099999997764825820923 0.032066881656646728516 0.036191917955875396729 0.036191917955875396729 0.040854152292013168335 0.047139123082160949707 0.047139123082160949707 0.055278763175010681152 0.066143929958343505859 0.081405825912952423096 0.07785460352897644043 0.098270975053310394287 0.12773290276527404785 0.16887228190898895264 0.16887228190898895264 0.22304642200469970703 0.28237730264663696289 0.31677851080894470215 0.31677851080894470215 0.32551804184913635254 0.317317962646484375 0.317317962646484375 0.29404416680335998535
-0.0099999997764825820923 -0.0099999997764825820923 -0.0099999997764825820923 -0.0099999997764825820923 -0.0099999997764825820923 -0.0099999997764825820923 -0.0099999997764825820923 -0.0099999997764825820923 -0.0099999997764825820923 -0.0099999997764825820923 -0.0099999997764825820923 -0.0099999997764825820923 -0.0099999997764825820923 -0.0099999997764825820923 -0.0099999997764825820923 -0.0099999997764825820923 0.031811673194169998169 0.035221215337514877319 0.03998201712965965271 0.03998201712965965271 0.045950997620820999146 0.053662259131669998169 0.0638753548264503479 0.0638753548264503479 0.072684705257415771484 0.089540332555770874023 0.11342546343803405762 0.11342546343803405762 0.14524829387664794922 0.18453875184059143066 0.22713002562522888184 0.22713002562522888184 0.25870442390441894531 0.2688115239143371582 0.25726556777954101562 0.25726556777954101562 0.23213759064674377441
-0.0099999997764825820923 -0.0099999997764825820923 -0.0099999997764825820923 -0.0099999997764825820923 -0.0099999997764825820923 -0.0099999997764825820923 -0.0099999997764825820923 -0.0099999997764825820923 -0.0099999997764825820923 -0.0099999997764825820923 -0.0099999997764825820923 -0.0099999997764825820923 -0.0099999997764825820923 -0.0099999997764825820923 -0.0099999997764825820923 -0.0099999997764825820923 0.031318493187427520752 0.034248657524585723877 0.034248657524585723877 0.038639109581708908081 0.044190280139446258545 0.05120129510760307312 0.060319431126117706299 0.056280281394720077515 0.066410519182682037354 0.079732730984687805176 0.097756654024124145508 0.097756654024124145508 0.12040936201810836792 0.14678344130516052246 0.17263272404670715332 0.17263272404670715332 0.17263272404670715332 0.14651718735694885254 0.14276050031185150146 0.14276050031185150146 0.13350422680377960205
-0.0099999997764825820923 -0.0099999997764825820923 -0.0099999997764825820923 -0.0099999997764825820923 -0.0099999997764825820923 -0.0099999997764825820923 -0.0099999997764825820923 -0.0099999997764825820923 -0.0099999997764825820923 -0.0099999997764825820923 -0.0099999997764825820923 -0.0099999997764825820923 -0.0099999997764825820923 -0.0099999997764825820923 -0.0099999997764825820923 -0.0099999997764825820923 0.030601583421230316162 0.029658712446689605713 0.03300361335277557373 0.037139434367418289185 0.042177174240350723267 0.048413716256618499756 0.04516081884503364563 0.051732700318098068237 0.059934999793767929077 0.070275329053401947021 0.070275329053401947021 0.083223350346088409424 0.098745174705982208252 0.092468649148941040039 0.092468649148941040039 0.10200551152229309082 0.10847184807062149048 0.1111986115574836731 0.10937369614839553833 0.10937369614839553833 0.10421779006719589233
-0.0099999997764825820923 -0.0099999997764825820923 -0.0099999997764825820923 -0.0099999997764825820923 -0.0099999997764825820923 -0.0099999997764825820923 -0.0099999997764825820923 -0.0099999997764825820923 -0.0099999997764825820923 -0.0099999997764825820923 -0.0099999997764825820923 -0.0099999997764825820923 -0.0099999997764825820923 -0.0099999997764825820923 -0.0099999997764825820923 -0.0099999997764825820923 -0.0099999997764825820923 0.028527636080980300903 0.031687319278717041016 0.035417199134826660156 0.039839554578065872192 0.037321481853723526001 0.04194571077823638916 0.047431077808141708374 0.053961165249347686768 0.053961165249347686768 0.061744276434183120728 0.070959657430648803711 0.070959657430648803711 0.076213344931602478027 0.076213344931602478027 0.082225941121578216553 0.086330644786357879639 0.087986364960670471191 0.087231740355491638184 0.087231740355491638184 0.084378138184547424316
